<rig>
  <camera>
      <camera_model type="ocvpinhole_fu_fv_u0_v0_k1_k2_p1_p2_k3" index="9">
        <height>172</height>
        <width>224</width>
        <params> [217.703;  217.703;  112.515;  85.56399999999999;  -0.11089;  -1.58741;  -0.00209361;  -0.000538251;  3.2844] </params>
      </camera_model>
    </camera>
    <camera>
      <camera_model type="calibu_fu_fv_u0_v0_k1_k2_k3" index="1">
        <height>1080</height>
        <width>1920</width>
        <params> [1731.206360516446;  1732.677289488748;  943.1348595963085;  537.6571431787531;  0.1094496622673276;  -0.4108265365645714;  0.475447218116997] </params>
      </camera_model>
    </camera>
    <camera>
      <camera_model type="calibu_fu_fv_u0_v0_w" index="0">
        <height>480</height>
        <width>640</width>
        <params> [258.0279723280229;  257.9325894945989;  319.2867258258189;  247.9366888098331;  0.9237464165790711] </params>
      </camera_model>
    </camera>
    <intrinsic_imu_calibration name="" imu_id="100" type="linear_imu_sg_mg_sa_ma_gqa">
      <b_w_b_a> [0.003279189508569884;  -0.003641411555781314;  -0.01420767144270043;  -0.05450540812723018;  0.09276885007381314;  -0.1031923326113218] </b_w_b_a>
      <crossterms> [1.025964032588029, 6.898315558285549e-05, -0.002394102729788997, 0.99993025810868, -0.001333883474316033, 0.01173455042111752;  0, 0.9959605953670061, 0.001331435953266336, 0.001352846547543467, 0.999997791724473, -0.001608214039356206;  0, 0, 1.003200790205349, -0.01173237933786674, 0.001623976925491637, 0.9999298545268153;  0, 0, 0, 0.9991234998599263, 0.001075941239544266, 0.01092913042072655;  0, 0, 0, 0, 0.9983856505746271, 0.0008273949261931844;  0, 0, 0, 0, 0, 1.009554033427301] </crossterms>
      <gyro_noise_sigma>5.3088443999999998e-05</gyro_noise_sigma>
      <gyro_bias_sigma>0.00014125375</gyro_bias_sigma>
      <accel_noise_sigma>0.001883649</accel_noise_sigma>
      <accel_bias_sigma>0.012589253999999999</accel_bias_sigma>
    </intrinsic_imu_calibration>
    <extrinsic_calibration frame_A_id="100" frame_B_id="3">
      <A_T_B> [0.9999844756254934, -0.0005021532115802354, -0.005549445932629149, 0.03658832169344564;  -0.0004985226887430327, -0.9999996608465904, 0.0006555774805837913, -0.006753995010965239;  -0.005549773250852955, -0.0006528007784460961, -0.9999843868121181, -0.001898144060175344] </A_T_B>
    </extrinsic_calibration>
    <extrinsic_calibration frame_A_id="100" frame_B_id="2">
      <A_T_B> [0.9999844756254934, -0.0005021532115802354, -0.005549445932629149, 0.03658832169344564;  -0.0004985226887430327, -0.9999996608465904, 0.0006555774805837913, -0.006753995010965239;  -0.005549773250852955, -0.0006528007784460961, -0.9999843868121181, -0.001898144060175344] </A_T_B>
    </extrinsic_calibration>
    <extrinsic_calibration frame_A_id="100" frame_B_id="0">
      <A_T_B> [0.9999839923437485, -0.003916609860094113, 0.004083530759244597, -0.002682900280152626;  -0.003922749405736185, -0.9999911861252394, 0.001496565714114598, -0.00710568960695596;  0.004077633303483724, -0.001512560425464221, -0.9999905424890785, -0.004690524465063749] </A_T_B>
    </extrinsic_calibration>
    <extrinsic_calibration frame_A_id="100" frame_B_id="1">
      <A_T_B> [-0.999969739495792, 0.0007815952820795802, -0.00774010345748462, 0.04715388712151403;  0.0007814836662144472, 0.9999996944894312, 1.744487913182522e-05, -0.006689607031597;  0.007740114727636435, 1.139558681415265e-05, -0.9999700447984148, -0.0053648135783008] </A_T_B>
    </extrinsic_calibration>
    <extrinsic_calibration frame_A_id="100" frame_B_id="9">
      <A_T_B> [0.9999844756254934, -0.0005021532115802354, -0.005549445932629149, 0.03658832169344564;  -0.0004985226887430327, -0.9999996608465904, 0.0006555774805837913, -0.006753995010965239;  -0.005549773250852955, -0.0006528007784460961, -0.9999843868121181, -0.001898144060175344] </A_T_B>
    </extrinsic_calibration>
</rig>
